rastrigin,d10
0.893675
0.442953
0.278803
0.482615
0.639611
1.46755
0.315955
0.520599
1.61076
0.387065
1.40719
0.554581
0.667225
0.388665
0.330249
0.573994
1.36604
0.270173
1.08651
0.478506
2.47398
1.14149
0.746755
2.24294
0.258924
0.626313
0.529248
0.410911
0.551823
0.802361
1.05092
0.717072
0.374506
------------------
rastrigin,d15
7.38006
21.8528
21.0671
17.621
23.2439
12.9986
23.6246
20.9481
25.2736
21.6681
31.6242
8.64325
25.0582
16.4883
35.6688
10.5384
16.5283
21.3289
17.9214
15.3196
20.55
10.2745
---------
----------
Rosenbrock
