-----------
rosenbrock
-----------
dim = 20
7.68248
1.33047
9.27619
9.31675
6.12656
2.86308
3.75925
2.18947
1.75579
3.28231
5.02489
1.42478
3.81833
7.6053
0.937184
3.33708
6.9261
5.9345
----------
dim = 22
----------
19.4043
4.40764
4.0783
3.1588
15.3858
19.123
7.79973
17.6192
25.7912
4.41782
10.7035
2.01616
21.4857
6.45238
9.05665
26.9696
22.3411
28.9463
--------
--------
d=20, rosenbrock
8.64555
6.34784
6.29894
1.20079
2.05951
5.55824
1.02024
6.35654
4.01556
2.48055
8.2909
5.52534
2.77519
5.53942
3.62689
7.28418
--------
d=22 ------
9.28507
33.621
28.3952
22.7076
3.87028
11.6582
32.7165
32.9835
9.44677
11.9567
7.01522
2.00912
13.8181
3.60599
19.9863
4.01078
7.31229
6.45465
12.3773
6.14066
-----
--------
rastrigin
---------
d=5
0.09938
0.142644
0.230171
1.06148
0.791117
1.22624
2.05364
0.728662
1.04373
0.63495
0.810619
0.0331193
0.360601
0.106006
1.04215
1.07884
1.76735
0.0008761
0.445954
1.46066
0.600295
0.284021
1.46739
3.86635
0.638831
1.24103
0.37776
3.50031
0.501626
1.10211
3.23621
0.248152
0.436706
1.94493
0.463186
3.0328
0.154496
0.413622
2.05734
3.7052
---------
d=6
--------
0.454588
3.43304
9.27929
9.15541
7.62385
0.0686351
10.097
5.26323
1.50315
0.138037
5.57473
7.70412
3.97099
1.06814
12.7732
1.09274
0.614128
3.69683
4.63928
2.40929
0.190388
11.5974
9.48644
16.3835
8.00331
9.54484
1.26163
8.80203
4.66856
4.86188
7.56124
1.74867
9.14423
12.9007
2.77701
2.16089
