rastrigin
---------
alpha = 0.87
coolScheme:1
0.131066
0.211972
0.211573
0.190527
0.249195
0.252214
0.266056
0.118721
0.180283
0.349702
0.229514
0.298955
0.169803
0.26096
0.136583
0.215997
0.0851045
0.297526
0.24114
0.223635
alpha = 0.89
coolScheme:1
0.152487
0.212306
0.294115
0.169379
0.253773
0.227718
0.343097
0.28066
0.153501
0.18856
0.137684
0.265511
0.335204
0.115339
0.223939
0.300646
0.21004
0.405089
0.304564
0.0873731
alpha = 0.91
coolScheme:1
0.22411
0.213491
0.170785
0.255586
0.20502
0.254602
0.134202
0.353051
0.258055
0.324972
0.297113
0.191284
0.191775
0.121211
0.127356
0.335362
0.274236
0.410984
0.128046
0.2916
alpha = 0.93
coolScheme:1
0.1658
0.420354
0.381509
0.288735
0.199212
0.180168
0.198479
0.296153
0.169862
0.181622
0.315321
0.160273
0.262373
0.24323
0.163016
0.20238
0.12116
0.172772
0.406693
0.192134
alpha = 0.95
coolScheme:1
0.214727
0.232744
0.245375
0.137624
0.174097
0.160835
0.206935
0.131824
0.238704
0.244471
0.441748
0.151523
0.600352
0.237841
0.118009
0.165253
0.213892
0.158511
0.218124
0.289792
alpha = 0.97
coolScheme:1
0.469885
0.184718
0.145298
0.242416
0.639828
0.201993
0.164732
0.380261
0.205566
0.268735
0.266287
0.18444
0.156014
0.142816
0.286569
0.252413
0.410505
0.127478
0.293669
0.182463
alpha = 0.99
coolScheme:1
0.548292
0.320503
0.460997
0.382636
0.517607
0.795731
0.218138
0.455208
0.761065
0.661138
0.958583
0.433684
0.374114
0.367432
0.431184
0.591157
0.391486
0.456351
0.359553
0.362069

----------
rosenbrock
alpha = 0.87
coolScheme:1
5.1423
5.33149
5.27577
5.33906
4.95278
6.09388
10.2146
42.0988
5.57345
5.17617
16.492
4.8407
27.8541
5.35683
41.845
21.2269
5.16496
alpha = 0.89
coolScheme:1
41.8358
41.8388
4.86955
15.211
41.8421
41.9035
6.85225
41.8753
10.7175
5.1089
4.86443
4.8817
4.89112
41.8379
5.15921
4.96079
41.8406
5.08467
41.8742
5.19248
alpha = 0.91
coolScheme:1
41.8661
4.5285
4.48399
4.55546
15.5471
6.64464
41.8008
6.15596
41.8052
4.372
7.9981
5.1309
5.51543
4.71247
41.8166
5.6346
41.8351
4.49189
41.823
41.8191
alpha = 0.93
coolScheme:1
41.832
4.50621
5.58103
42.0233
42.0656
3.66795
6.94214
3.63667
41.8154
4.2912
4.97882
41.818
4.18085
6.54262
5.05074
41.8173
4.50646
19.5426
5.80657
4.57358
alpha = 0.95
coolScheme:1
2.87142
41.7774
3.15467
41.7779
3.19175
41.8021
4.78729
4.01741
2.63066
4.57189
41.7996
2.9758
3.18308
41.793
9.43069
41.791
2.80149
13.3369
41.8135
41.7669
alpha = 0.97
coolScheme:1
41.7276
1.61373
2.22926
1.84625
1.93
1.51592
41.7604
1.68994
41.7675
3.31182
1.86022
3.0991
2.01309
41.9016
2.40304
41.9302
1.91098
1.65351
42.0092
7.77505
alpha = 0.99
coolScheme:1
4.18284
0.849126
1.12665
7.63203
0.277973
41.7016
1.14935
3.4009
41.7442
1.14651
41.7616
2.98332
3.63041
1.03612
6.476
1.04926
1.07373
1.1289
1.06841
41.6918

--------
rastrigin
--------
alpha = 0.6
coolScheme:1
3.64911
0.735197
1.11947
2.28662
0.343158
0.410752
1.1386
1.29033
1.5554
0.916621
1.44344
1.36501
0.673088
0.742355
0.493522
1.37932
1.2715
0.958161
1.78401
0.818586
alpha = 0.65
coolScheme:1
0.993866
0.754201
0.952053
1.12996
0.516696
1.52414
1.11626
2.20265
2.35594
1.26752
0.569049
0.777855
0.77966
1.38059
1.35539
0.529243
0.554532
0.626187
0.670693
1.57195
alpha = 0.7
coolScheme:1
0.668042
1.35936
1.26448
0.483138
0.333754
0.354145
2.90663
0.84982
0.667924
0.827337
0.512705
0.362385
0.755108
1.12531
0.918253
0.776445
0.573136
0.990163
0.895041
1.4998
alpha = 0.75
coolScheme:1
0.467795
1.00855
0.818293
1.20921
0.741573
1.91438
0.448137
0.561874
0.79492
0.542606
0.272444
1.1929
0.490788
0.605255
0.390903
1.95093
0.80177
1.2452
0.5312
0.343639
alpha = 0.8
coolScheme:1
0.800544
1.30908
0.686373
1.67659
0.785129
0.408085
0.429701
0.291495
0.388237
1.18255
0.405786
0.248885
0.779366
0.592364
1.3332
0.882001
0.513849
0.561743
0.567132
0.165978
alpha = 0.85
coolScheme:1
0.148794
0.167006
0.245205
0.610592
0.459897
0.379283
0.424627
0.444688
0.201403
0.461676
0.179426
0.202617
0.205533
0.564801
0.577191
0.578483
0.552365
0.195567
0.259709
0.41729
alpha = 0.65
coolScheme:1
10.2134
