d=30, rosenbrock
----------
coolScheme:2
10.1694
15.0525
14.8765
13.6039
14.5665
13.2442
14.9204
16.1099
13.1163
12.7269
24.965
13.3319
14.5364
16.3798
coolScheme:1
3.915
3.62315
3.65184
3.98696
4.24331
6.33664
4.55259
5.0916
5.58246
5.37736
4.08813
5.94572
4.84902
5.88464
4.49993
--------------
-------------
rastrigin
d=10
---------------
coolScheme:2
17.7181
0.451035
17.7751
17.8673
17.7713
4.48634
17.8417
17.8012
3.33105
17.8684
17.9836
20.301
17.8563
17.7593
17.7893
17.7594
17.8237
3.36927
17.827
17.7621
13.5436
15.2596
8.75749
6.71819
22.7402
10.0673
22.7693
----------
coolScheme:1
0.142196
0.089259
0.0571034
0.0564591
0.197492
0.321983
0.0428365
0.106114
0.34229
0.111371
0.0516804
0.121451
0.115147
0.107064
0.090282
0.352856
0.450124
0.33837
0.231089
0.172423
----------
d=15
-----------
coolScheme:1
11.4502
4.62036
4.63959
10.642
1.81329
2.05278
5.32154
11.31
3.45998
8.7193
9.32416
8.87326
3.90554
3.53889
5.34402
5.66188
2.39889
4.349
2.04446
2.53657
-----------
coolScheme:2
20.3965
45.7312
42.8454
31.3492
27.8388
35.3685
16.8443
49.232
36.4591
18.0191
50.9235
21.6616
27.7922
27.6893
33.961
34.961
